yellow
bottom left
(4, -4, 4.44, -3.18, 5.22, -3.27, 5.65, -2.64, 7.23, -3.05, 7.32, -4)
(8, -1, 8.52, -0.3, 9.89, -1.36, 8.95, -2.46)

top left
(9.48, 0.7, 9.36, 1.77, 9.93, 2.82, 11.54, 2.53, 11.16, 0.7)
(11.93, 0.7, 13.43, 3.77, 14.15, 3.61, 12.6, 0.7)

top right
(13.52, 2.45, 14.59, 4.43, 14.98, 3.52, 15.64, 3.01, 15.85, 1.56, 14.85, 1.43)
(16.76, 3.8, 16.93, 5.4, 19.2, 5.4, 18.61, 4.37, 17.84, 3.79)

bottom right
(12.13, -4, 11.75, -2.78, 13.01, -2.37, 14.27, -2.34, 13.78, -4)
(14.95, -2.3, 14.96, -0.72, 15.35, 0.01, 17.05, -0.68, 16.05, -2.7)

white
bottom left
(5.65, -2.64, 6.41, -0.84, 7, -1, 7.23, -3.05)
(9, -4, 8.95, -2.46, 9.89, -1.36, 10.59, -1.01, 11.72, -0.95, 10.1, -4)

top left
(9.93, 2.82, 9.6, 4.7, 9.85, 5.4, 11.35, 5.4, 11.25, 3.6, 10.74, 3.07)
(11.35, 5.4, 12.99, 5.4, 12.64, 4.14, 11.25, 3.6)

top right
(12.6, 0.7, 13.53, 2.45, 14.85, 1.43, 13.7, 0.7)
(15.85, 1.56, 15.64, 3.01, 16.76, 3.8, 17.84, 3.79, 17.56, 1.65)

bottom right
(11.75, -2.78, 11.38, -1.6, 12.13, -0.19, 12.61, -0.81, 13.01, -2.37)
(15.35, 0.01, 15.58, 0.7, 18.7, 0.7, 18.31, -0.03, 17.05, -0.68)

green
bottom left
(7.32, -4, 7.23, -3.05, 7, -1, 8, -1, 8.95, -2.46, 9, -4)
(10.59, -1.01, 10.18, 0.7, 12.6, 0.7, 11.72, -0.95)

top left
(6.5, 0.7, 7.08, 1.78, 8.15, 1.89, 9.36, 1.77, 9.48, 0.7)
(12.64, 4.14, 12.99, 5.4, 15.1, 5.4, 14.15, 3.61, 13.43, 3.77)

top right
(14.59, 4.43, 15.1, 5.4, 16.93, 5.4, 16.76, 3.8, 15.64, 3.01, 14.98, 3.52)
(17.56, 1.65, 17.84, 3.79, 18.61, 4.37, 20, 4, 18.37, 1.74)

bottom right
(13.78, -4, 14.27, -2.34, 14.95, -2.3, 16.05, -2.7, 15.6, -4)
(12.13, -0.19, 12.6, 0.7, 15.58, 0.7, 15.35, 0.01, 14.96, -0.72, 12.16, -0.81)

blue
bottom left
(7, -1, 6.41, -0.84, 6.98, 0.7, 7.71, 0.7, 8.52, -0.3, 8, -1)
(7.71, 0.7, 10.18, 0.7, 10.59, -1.01, 9.89, -1.36, 8.52, -0.3)

top left
(8.15, 1.89, 9.6, 4.7, 9.93, 2.82, 9.36, 1.77)
(11.16, 0.7, 11.54, 2.53, 10.74, 3.07, 11.25, 3.6, 12.64, 4.41, 13.43, 3.77, 11.93, 0.7)

top right
(13.7, 0.7, 14.85, 1.43, 15.85, 1.56, 17.56, 1.65, 18.37, 1.74, 18.2, 0.7)
(18.61, 4.37, 19.2, 5.4, 21.2, 5.4, 20.64, 4.35, 20, 4)

bottom right
(10.1, -4, 11.38, -1.6, 12.13, -4)
(13.01, -2.37, 12.61, -0.81, 14.96, -0.72, 14.95, -2.3, 14.27, -2.34)

sea
bottom left
(4.44, -3.18, 6.5, 0.7, 6.98, 0.7, 6.41, -0.84, 5.65, -2.64, 5.22, -3.27)

top left
(7.08, 1.78, 9, 5.4, 9.85, 5.4, 9.6, 4.7, 8.15, 1.89)

top right
(18.2, 0.7, 18.37, 1.74, 20, 4, 20.64, 4.35, 17.7, 0.7)

bottom right
(15.6, -4, 16.05, -2.7, 17.05, -0.68, 18.31, -0.03, 16.2, -4)